14.814814814814817
15.099715099715105
18.8034188034188
26.495726495726487
40.17094017094017
46.723646723646716
49.857549857549856
54.70085470085472
57.83475783475782
60.11396011396012
61.82336182336182
65.52706552706552
68.66096866096866
69.51566951566952
70.94017094017093
72.93447293447292
73.78917378917377
74.35897435897435
74.92877492877491
74.92877492877491
75.4985754985755
75.78347578347578
75.78347578347578
76.06837606837607
76.92307692307692
77.77777777777779
78.34757834757835
78.91737891737893
78.91737891737893
78.91737891737893
79.20227920227921
79.20227920227921
79.20227920227921
79.77207977207978
80.34188034188035
80.34188034188035
80.91168091168092
81.4814814814815
81.4814814814815
80.91168091168092
80.91168091168092
80.91168091168092
81.1965811965812
81.4814814814815
81.76638176638178
82.05128205128207
82.33618233618236
82.90598290598292
83.47578347578352
83.7606837606838
84.33048433048437
84.33048433048437
83.7606837606838
83.7606837606838
83.7606837606838
84.04558404558408
84.04558404558408
84.33048433048437
84.61538461538466
84.90028490028493
85.18518518518522
85.75498575498578
86.03988603988607
86.60968660968663
86.60968660968663
87.4643874643875
87.4643874643875
87.4643874643875
87.74928774928777
87.74928774928777
88.03418803418806
88.03418803418806
88.03418803418806
88.31908831908835
88.60398860398863
88.60398860398863
88.60398860398863
88.88888888888891
89.1737891737892
89.45868945868948
90.31339031339033
90.59829059829062
90.8831908831909
90.59829059829062
90.31339031339031
90.31339031339031
90.5982905982906
90.88319088319089
90.88319088319089
91.1680911680912
91.73789173789176
91.73789173789176
91.45299145299147
91.45299145299147
91.45299145299147
91.73789173789176
92.02279202279205
92.02279202279205
92.02279202279205
92.30769230769232
9.97150997150997
14.529914529914532
18.233618233618234
18.51851851851852
24.786324786324787
29.914529914529915
35.32763532763533
40.17094017094017
48.14814814814815
54.985754985754994
58.97435897435897
60.96866096866097
63.532763532763525
64.1025641025641
64.95726495726495
66.38176638176638
66.95156695156695
67.80626780626781
69.23076923076923
69.8005698005698
71.5099715099715
72.07977207977207
72.36467236467236
72.93447293447292
73.5042735042735
74.64387464387464
74.92877492877493
75.49857549857549
75.78347578347578
76.06837606837607
76.35327635327634
76.63817663817663
77.2079772079772
76.92307692307692
76.35327635327634
76.35327635327634
76.63817663817663
76.92307692307692
76.92307692307692
77.49287749287748
77.77777777777777
77.4928774928775
78.34757834757835
78.34757834757835
78.91737891737891
78.91737891737891
79.2022792022792
79.2022792022792
79.2022792022792
79.2022792022792
78.91737891737891
79.48717948717947
78.91737891737891
79.2022792022792
80.05698005698005
79.77207977207976
79.77207977207976
79.2022792022792
80.05698005698005
79.77207977207976
80.34188034188035
80.62678062678063
80.91168091168092
80.62678062678063
81.4814814814815
81.76638176638177
82.90598290598292
83.4757834757835
84.33048433048435
84.33048433048435
84.61538461538463
84.90028490028492
85.1851851851852
85.75498575498577
86.03988603988606
86.03988603988606
86.89458689458691
87.74928774928776
88.03418803418805
88.03418803418805
88.8888888888889
88.8888888888889
90.02849002849004
89.74358974358975
90.31339031339031
90.88319088319089
91.45299145299145
91.16809116809117
91.45299145299145
91.73789173789174
91.16809116809117
91.16809116809117
91.16809116809117
91.16809116809117
91.45299145299145
91.45299145299145
91.45299145299145
91.45299145299145
91.73789173789174
91.73789173789174
15.669515669515668
15.669515669515668
15.954415954415955
19.37321937321937
25.641025641025635
36.46723646723647
42.73504273504273
46.72364672364673
50.42735042735043
52.13675213675214
54.7008547008547
56.98005698005698
58.6894586894587
61.25356125356125
63.24786324786324
64.67236467236467
66.09686609686608
66.38176638176637
67.23646723646722
67.52136752136752
68.0911680911681
68.94586894586895
69.23076923076923
71.22507122507122
71.22507122507122
72.07977207977207
73.5042735042735
74.07407407407406
74.92877492877491
73.78917378917377
74.07407407407406
75.2136752136752
75.2136752136752
75.2136752136752
74.64387464387463
74.92877492877491
75.2136752136752
75.49857549857549
76.35327635327634
76.35327635327634
76.92307692307692
77.2079772079772
76.92307692307692
76.92307692307692
77.49287749287748
77.77777777777779
77.77777777777779
77.77777777777779
78.06267806267807
78.06267806267807
77.77777777777777
78.06267806267806
78.34757834757835
78.34757834757835
79.20227920227921
79.4871794871795
80.34188034188035
80.05698005698007
80.05698005698007
80.05698005698007
80.34188034188035
80.05698005698007
80.62678062678063
80.05698005698007
80.62678062678063
81.1965811965812
81.1965811965812
81.4814814814815
82.05128205128206
82.33618233618235
82.33618233618235
82.62108262108265
83.19088319088321
83.4757834757835
83.4757834757835
84.04558404558406
84.33048433048437
84.90028490028493
85.47008547008551
85.18518518518522
85.47008547008551
85.75498575498578
86.03988603988607
86.32478632478636
86.32478632478636
86.60968660968663
86.60968660968663
86.60968660968663
86.60968660968663
86.89458689458692
86.89458689458692
87.4643874643875
87.74928774928777
87.4643874643875
87.74928774928777
87.74928774928777
87.4643874643875
87.74928774928777
87.74928774928777
87.74928774928777
24.216524216524213
24.786324786324784
27.92022792022792
31.623931623931615
36.46723646723646
42.45014245014245
44.729344729344724
50.42735042735042
52.99145299145299
54.98575498575498
55.84045584045584
56.98005698005698
57.549857549857556
59.544159544159555
60.11396011396013
61.25356125356127
63.247863247863265
63.532763532763546
64.95726495726497
65.81196581196582
66.66666666666667
66.95156695156696
68.66096866096866
68.94586894586895
70.08547008547008
70.08547008547008
70.37037037037037
70.94017094017094
71.7948717948718
72.07977207977208
71.7948717948718
72.07977207977208
72.07977207977208
72.07977207977208
72.93447293447294
73.21937321937322
73.5042735042735
74.92877492877493
75.21367521367522
75.21367521367522
74.92877492877493
74.35897435897435
74.35897435897435
74.35897435897435
74.35897435897435
76.35327635327636
76.35327635327634
76.63817663817663
77.20797720797722
77.20797720797722
77.4928774928775
77.77777777777779
77.20797720797722
78.06267806267807
78.63247863247865
78.91737891737893
79.20227920227921
79.4871794871795
79.20227920227921
79.20227920227921
80.05698005698007
80.91168091168092
80.91168091168092
81.76638176638177
81.76638176638177
82.33618233618235
82.05128205128206
83.1908831908832
83.1908831908832
83.47578347578347
83.47578347578347
83.76068376068376
83.47578347578347
84.04558404558405
84.33048433048435
84.04558404558405
84.61538461538463
84.61538461538463
84.90028490028492
85.75498575498577
85.75498575498577
86.03988603988607
86.03988603988607
86.03988603988607
86.32478632478636
86.60968660968663
86.60968660968663
86.89458689458692
87.17948717948721
87.4643874643875
87.4643874643875
87.4643874643875
87.4643874643875
87.4643874643875
87.4643874643875
87.74928774928777
87.4643874643875
88.03418803418806
88.31908831908835
88.03418803418806
