12.222221899032593
21.4814811706543
21.851851558685304
21.851851558685304
23.333333206176757
31.481480598449707
44.81481456756592
58.14814796447754
64.0740737915039
68.14814796447754
69.25925827026367
69.99999961853027
73.70370407104492
74.0740737915039
74.81481475830078
75.55555572509766
76.66666717529297
76.66666717529297
77.0370376586914
78.51851882934571
79.99999885559082
79.6296287536621
79.25925903320312
81.48148040771484
81.85185050964355
82.59259071350098
83.33333244323731
85.18518371582032
85.18518371582032
86.29629516601562
87.0370361328125
87.40740661621093
87.77777709960938
88.5185173034668
89.6296287536621
91.11111068725586
91.48148117065429
90.37036972045898
92.96296157836915
93.70370254516601
91.85185165405274
92.96296157836915
94.44444274902344
94.81481323242187
95.18518371582032
95.18518371582032
95.9259246826172
95.18518371582032
95.55555419921875
96.29629516601562
95.9259246826172
95.9259246826172
97.0370361328125
96.29629516601562
97.40740661621093
97.0370361328125
97.77777709960938
97.0370361328125
98.14814758300781
97.40740661621093
97.77777709960938
97.40740661621093
98.51851806640624
97.0370361328125
98.14814758300781
97.40740661621093
98.14814758300781
97.77777709960938
98.51851806640624
97.77777709960938
98.51851806640624
98.51851806640624
98.88888854980469
98.51851806640624
98.88888854980469
98.88888854980469
98.88888854980469
98.88888854980469
98.88888854980469
98.88888854980469
99.25925903320312
99.62962951660157
99.25925903320312
99.25925903320312
99.62962951660157
99.62962951660157
99.62962951660157
99.62962951660157
99.25925903320312
99.62962951660157
99.62962951660157
99.62962951660157
99.62962951660157
99.62962951660157
99.62962951660157
99.62962951660157
99.62962951660157
99.62962951660157
99.62962951660157
99.62962951660157
