5.982905982905982
8.831908831908832
22.79202279202279
30.769230769230774
36.467236467236475
45.299145299145295
50.142450142450144
52.99145299145299
54.98575498575497
55.84045584045584
57.26495726495727
57.54985754985755
60.68376068376069
63.53276353276354
65.24216524216526
66.95156695156696
68.37606837606837
70.08547008547009
70.37037037037037
70.94017094017094
72.93447293447294
73.78917378917379
74.35897435897435
75.2136752136752
75.78347578347578
75.78347578347578
76.63817663817663
77.20797720797721
78.34757834757836
78.06267806267806
78.91737891737893
79.4871794871795
79.77207977207978
80.05698005698007
80.91168091168092
81.1965811965812
82.05128205128206
81.76638176638177
82.05128205128206
82.33618233618235
82.62108262108262
82.33618233618235
82.33618233618235
82.05128205128206
82.33618233618235
83.4757834757835
84.04558404558406
84.33048433048435
84.04558404558406
83.76068376068378
84.04558404558406
84.33048433048437
84.61538461538466
84.90028490028493
84.61538461538466
85.75498575498578
85.47008547008551
85.75498575498578
85.75498575498578
85.75498575498578
85.75498575498578
85.75498575498578
86.03988603988607
86.32478632478636
86.32478632478636
86.60968660968663
86.60968660968663
87.4643874643875
87.74928774928777
88.31908831908835
88.31908831908835
89.1737891737892
89.1737891737892
89.1737891737892
89.45868945868948
89.1737891737892
89.1737891737892
89.1737891737892
89.45868945868948
89.1737891737892
89.1737891737892
89.1737891737892
89.1737891737892
88.88888888888891
89.1737891737892
89.1737891737892
89.1737891737892
89.1737891737892
89.45868945868948
90.02849002849005
90.02849002849005
90.02849002849004
90.02849002849004
90.31339031339031
90.5982905982906
90.88319088319089
91.16809116809117
91.45299145299145
90.88319088319089
92.02279202279202
14.814814814814817
14.814814814814817
14.814814814814817
17.94871794871795
26.495726495726498
29.91452991452991
33.333333333333336
38.46153846153846
46.72364672364673
49.002849002849
51.56695156695157
53.84615384615385
56.6951566951567
59.54415954415955
61.53846153846154
62.67806267806267
63.53276353276354
64.1025641025641
65.8119658119658
66.66666666666666
67.80626780626781
68.37606837606837
69.8005698005698
70.94017094017093
72.07977207977207
73.21937321937321
73.5042735042735
73.5042735042735
74.35897435897435
75.78347578347577
76.9230769230769
78.06267806267806
78.91737891737891
78.63247863247862
79.4871794871795
80.05698005698007
80.91168091168092
80.62678062678063
81.1965811965812
81.4814814814815
81.4814814814815
81.1965811965812
81.1965811965812
81.4814814814815
81.1965811965812
81.4814814814815
80.05698005698007
80.34188034188035
80.91168091168092
80.34188034188035
80.62678062678063
80.62678062678063
81.1965811965812
81.1965811965812
80.91168091168092
80.62678062678062
81.1965811965812
81.1965811965812
81.76638176638177
81.1965811965812
81.76638176638177
81.1965811965812
81.4814814814815
82.05128205128206
82.05128205128206
82.05128205128206
82.05128205128206
82.05128205128206
82.90598290598292
82.90598290598292
82.62108262108265
82.90598290598292
82.90598290598292
82.90598290598292
83.19088319088321
83.76068376068378
84.04558404558406
83.76068376068378
84.33048433048435
84.61538461538463
84.90028490028492
84.61538461538463
84.90028490028492
84.61538461538463
84.90028490028492
85.1851851851852
84.90028490028492
85.47008547008548
85.1851851851852
85.75498575498577
86.03988603988606
86.32478632478634
86.03988603988606
87.1794871794872
86.89458689458691
87.1794871794872
87.1794871794872
87.1794871794872
87.1794871794872
87.1794871794872
20.51282051282051
20.51282051282051
20.51282051282051
25.925925925925927
28.205128205128208
29.059829059829063
32.478632478632484
36.182336182336186
41.31054131054131
47.57834757834757
52.421652421652425
56.12535612535613
57.83475783475784
59.82905982905982
60.683760683760674
63.24786324786325
63.53276353276354
65.52706552706553
66.66666666666666
68.09116809116809
68.66096866096865
69.51566951566952
70.08547008547008
71.7948717948718
72.36467236467236
72.07977207977207
72.93447293447292
74.07407407407406
75.49857549857549
75.2136752136752
75.2136752136752
76.35327635327636
77.49287749287751
77.49287749287751
77.7777777777778
78.34757834757836
78.91737891737893
79.77207977207978
80.62678062678063
80.34188034188035
80.91168091168092
81.1965811965812
81.4814814814815
81.76638176638177
81.76638176638177
81.76638176638177
81.76638176638177
82.33618233618235
82.90598290598292
83.19088319088321
83.4757834757835
83.19088319088321
83.76068376068378
83.76068376068378
83.76068376068378
84.04558404558406
84.04558404558406
84.04558404558406
84.61538461538463
85.75498575498577
85.47008547008548
86.03988603988606
86.60968660968662
86.60968660968662
86.89458689458691
87.1794871794872
87.46438746438747
88.03418803418805
88.31908831908832
88.31908831908832
88.8888888888889
88.31908831908832
88.8888888888889
89.1737891737892
88.88888888888891
89.45868945868948
88.60398860398863
89.45868945868948
89.1737891737892
89.45868945868948
88.31908831908835
88.8888888888889
88.8888888888889
89.17378917378917
88.31908831908832
89.45868945868946
88.88888888888891
89.45868945868946
88.88888888888891
88.60398860398863
89.74358974358975
88.03418803418806
89.74358974358977
88.88888888888891
90.02849002849005
89.1737891737892
90.31339031339033
90.31339031339033
90.8831908831909
90.8831908831909
8.262108262108262
11.396011396011396
10.826210826210827
16.23931623931624
23.93162393162393
35.612535612535616
38.46153846153847
42.45014245014246
47.578347578347575
51.28205128205128
52.99145299145299
54.7008547008547
58.11965811965812
59.82905982905982
61.53846153846153
63.81766381766383
65.52706552706553
66.09686609686611
67.80626780626781
70.08547008547008
71.22507122507123
72.64957264957265
73.78917378917379
74.35897435897435
74.35897435897435
74.92877492877493
75.78347578347578
76.63817663817665
77.20797720797722
76.92307692307693
76.92307692307693
78.34757834757835
78.34757834757835
78.63247863247865
78.91737891737893
78.06267806267807
78.34757834757835
78.91737891737891
78.63247863247864
79.77207977207978
79.48717948717947
79.77207977207976
80.05698005698007
79.77207977207978
80.05698005698007
81.1965811965812
80.91168091168092
81.1965811965812
81.4814814814815
81.76638176638177
82.05128205128207
81.76638176638178
81.76638176638178
82.62108262108265
82.90598290598292
83.19088319088321
83.19088319088321
83.19088319088321
83.4757834757835
84.90028490028492
85.1851851851852
85.1851851851852
85.1851851851852
85.47008547008548
85.75498575498577
85.47008547008548
85.47008547008548
85.1851851851852
84.90028490028492
84.90028490028492
84.61538461538463
84.61538461538463
84.90028490028492
84.90028490028492
85.1851851851852
85.47008547008548
86.03988603988606
86.03988603988606
85.75498575498577
85.75498575498577
86.03988603988606
86.60968660968662
86.89458689458691
86.89458689458691
86.89458689458691
87.1794871794872
87.1794871794872
87.1794871794872
87.1794871794872
87.46438746438747
87.74928774928776
87.74928774928776
88.03418803418805
88.60398860398861
88.31908831908832
88.31908831908832
88.31908831908832
88.31908831908832
88.31908831908832
88.03418803418805
