19.08831908831909
24.501424501424502
25.641025641025635
33.04843304843304
33.33333333333333
31.623931623931625
33.61823361823362
34.75783475783476
38.46153846153846
42.165242165242155
47.578347578347575
47.86324786324786
50.997150997150996
50.71225071225071
53.56125356125355
55.55555555555555
54.98575498575498
56.69515669515669
55.270655270655276
57.54985754985755
60.3988603988604
60.11396011396012
59.25925925925925
63.532763532763525
64.38746438746439
66.66666666666667
63.81766381766382
72.07977207977207
73.5042735042735
72.64957264957265
72.07977207977207
71.22507122507122
72.93447293447294
73.5042735042735
73.21937321937321
76.63817663817666
72.93447293447292
76.92307692307692
76.92307692307692
72.36467236467236
76.06837606837607
77.7777777777778
75.2136752136752
77.4928774928775
75.78347578347578
79.77207977207976
77.77777777777777
76.92307692307692
77.2079772079772
76.92307692307692
78.9173789173789
77.77777777777779
77.2079772079772
77.49287749287747
78.06267806267805
79.77207977207976
79.77207977207978
79.77207977207976
80.34188034188034
77.77777777777777
77.2079772079772
78.91737891737891
79.77207977207976
80.91168091168092
79.48717948717947
80.05698005698004
78.34757834757833
81.4814814814815
80.05698005698005
82.62108262108262
80.34188034188034
82.6210826210826
81.1965811965812
81.19658119658119
80.91168091168092
82.62108262108262
83.76068376068376
81.48148148148147
83.47578347578347
84.04558404558406
83.1908831908832
84.04558404558406
80.91168091168092
83.1908831908832
84.04558404558405
82.6210826210826
84.04558404558406
82.62108262108262
84.90028490028492
84.33048433048432
84.9002849002849
86.03988603988606
85.47008547008548
83.4757834757835
84.04558404558405
83.1908831908832
86.03988603988606
84.04558404558405
86.32478632478634
86.89458689458691
