20.51282051282051
23.646723646723647
27.065527065527064
37.6068376068376
47.86324786324786
58.6894586894587
60.11396011396012
66.09686609686608
69.23076923076923
71.22507122507122
72.36467236467236
72.64957264957265
73.50427350427348
71.7948717948718
78.63247863247862
77.4928774928775
72.93447293447292
77.4928774928775
80.05698005698007
79.20227920227921
78.91737891737891
79.48717948717947
80.05698005698007
81.1965811965812
83.19088319088321
83.4757834757835
83.76068376068376
84.33048433048435
85.75498575498577
85.47008547008548
86.32478632478634
86.60968660968662
86.03988603988606
88.31908831908832
85.75498575498577
86.89458689458691
86.03988603988606
88.8888888888889
88.60398860398861
88.03418803418805
89.45868945868946
89.74358974358975
86.03988603988606
90.02849002849004
90.31339031339031
90.02849002849004
89.45868945868946
89.45868945868946
90.31339031339031
88.31908831908832
89.45868945868946
89.45868945868946
88.31908831908832
89.17378917378917
91.73789173789174
91.45299145299145
90.31339031339031
90.02849002849004
87.74928774928776
89.74358974358975
90.31339031339031
89.17378917378917
91.16809116809117
90.5982905982906
90.31339031339031
90.88319088319089
89.45868945868946
91.73789173789174
92.30769230769232
93.44729344729346
91.73789173789174
91.45299145299145
92.5925925925926
92.8774928774929
92.59259259259261
91.16809116809117
91.45299145299145
92.02279202279205
92.3076923076923
92.59259259259261
92.87749287749287
92.3076923076923
91.73789173789174
92.59259259259261
91.16809116809117
90.5982905982906
92.5925925925926
91.45299145299145
90.88319088319089
92.02279202279202
92.5925925925926
91.73789173789174
91.45299145299145
90.88319088319089
91.73789173789174
90.02849002849004
90.88319088319089
91.45299145299145
90.5982905982906
91.45299145299147
