-0.013051
-0.027316
-0.052974
-0.051501
-0.041214
-0.024122
-0.016113
-0.006371
-0.010563
-0.013404
-0.024249
-0.016718
0.000872
0.014950
0.002478
-0.001905
-0.011524
0.000913
0.012177
0.019819
0.043831
0.051866
0.031400
0.021027
-0.003122
0.028002
0.066003
0.084873
0.103584
0.090210
0.069013
0.039795
0.024373
0.120401
0.185485
0.206663
0.206824
0.149126
0.115014
0.076245
0.118546
0.239796
0.249614
0.202269
0.208415
0.183769
0.145837
0.086275
0.271214
0.258158
0.147085
0.114911
0.179236
0.212746
0.161862
0.083223
0.381853
0.135721
0.063390
0.086058
0.191717
0.249918
0.191403
0.082364
0.445057
0.086908
0.094194
0.171792
0.246240
0.304966
0.227630
0.093529
0.458312
0.132936
0.171642
0.214293
0.216018
0.278164
0.264138
0.156212
0.384064
0.176404
0.189462
0.186238
0.132966
0.192747
0.260383
0.243644
0.260645
0.157326
0.142600
0.108646
0.041841
0.086101
0.155365
0.211811
0.123499
0.062043
0.070811
0.039788
-0.020339
0.014027
0.065582
0.118444
0.065975
0.032928
0.021955
0.001496
-0.036039
-0.028224
0.012375
0.052241
0.018936
0.003943
-0.009733
-0.012520
-0.037417
-0.045177
-0.023072
0.009200
-0.002236
-0.014655
-0.030602
-0.040350
-0.058458
-0.062800
-0.036776
-0.007892
0.045591
0.035028
0.016101
-0.003810
-0.014119
-0.017219
-0.015433
-0.007260
0.053679
0.033416
0.010471
-0.006050
-0.023605
-0.020754
-0.024509
-0.016766
0.058100
0.028034
0.010695
-0.008041
-0.018130
-0.015128
-0.023884
-0.025803
0.056595
0.025205
0.014202
-0.002811
-0.019425
-0.013776
-0.024754
-0.031708
0.046329
0.027460
0.020902
0.005270
-0.013339
-0.009143
-0.027289
-0.031877
0.041186
0.026702
0.020910
0.006826
-0.015886
-0.005650
-0.020520
-0.023197
0.031246
0.025810
0.030867
0.016824
-0.009082
0.008280
-0.011976
-0.015943
0.021209
0.037840
0.041411
0.023929
-0.007172
0.024173
0.008276
-0.001567
0.006626
0.053702
0.058692
0.032806
0.012872
0.043013
0.039567
0.028382
-0.000973
0.059324
0.078621
0.059647
0.022223
0.044529
0.052705
0.059791
-0.005799
0.071101
0.100548
0.053641
-0.001675
0.024143
0.051723
0.088223
-0.010041
0.072631
0.096675
0.044219
-0.007479
0.003750
0.061290
0.104839
-0.008314
0.061045
0.072861
0.026221
-0.013142
0.007926
0.071550
0.090816
0.005798
0.047384
0.055089
0.011265
-0.002119
0.022189
0.074855
0.062719
0.025939
0.050629
0.050668
0.024971
0.035692
0.055367
0.072238
0.028652
0.030430
0.065736
0.078004
0.084389
0.076158
0.054495
0.031467
0.002391
-0.003345
-0.013595
-0.009855
-0.010286
-0.014420
-0.013786
-0.013377
0.001018
-0.003672
-0.009823
-0.006340
0.004000
0.010726
0.019052
0.000516
0.010709
-0.003196
0.002337
0.013684
0.032409
0.045295
0.039915
0.010388
0.020133
0.009547
0.028062
0.044814
0.054855
0.061000
0.034715
0.007829
0.020355
0.029467
0.074397
0.086843
0.078787
0.060197
0.018647
0.000250
0.018810
0.090783
0.117360
0.063639
0.032450
0.014970
-0.019878
-0.025751
-0.006517
0.155153
0.087238
0.000940
-0.008988
-0.024257
-0.035687
-0.027432
-0.022345
0.198388
0.026608
-0.037919
-0.032024
-0.040234
-0.029818
-0.025493
-0.023548
0.217081
-0.024184
-0.040739
-0.030826
-0.032285
-0.022394
-0.031595
-0.017026
0.222148
-0.015936
-0.017981
-0.021040
-0.016340
-0.008667
-0.013221
0.007491
0.190228
0.026716
0.013843
-0.000585
0.011662
0.019686
0.016632
0.028726
0.141086
0.071140
0.051736
0.039247
0.052389
0.050547
0.038192
0.032006
0.078607
0.068046
0.069521
0.053889
0.054368
0.043228
0.030781
0.025742
0.030775
0.034908
0.054443
0.052228
0.038269
0.019707
0.011058
0.013945
0.002839
0.001681
0.020818
0.027416
0.018129
0.007568
0.007957
0.006116
-0.007795
-0.021229
-0.010107
0.003473
0.006457
0.002616
0.005813
0.006341
-0.011477
-0.027500
-0.044794
-0.036508
-0.004922
0.024394
0.020210
0.019281
-0.020796
-0.028546
-0.036118
-0.019948
-0.000371
0.023773
0.023569
0.025064
-0.036309
-0.036085
-0.038130
-0.011345
0.000221
0.015941
0.028693
0.031880
-0.069047
-0.050029
-0.055883
-0.029358
-0.009722
0.018401
0.031239
0.027421
-0.142701
-0.128009
-0.164340
-0.167185
-0.152996
-0.122417
-0.058438
-0.029781
-0.239996
-0.201399
-0.198671
-0.190585
-0.197579
-0.151205
-0.061844
-0.040183
-0.346181
-0.220279
-0.168531
-0.198127
-0.246080
-0.142887
-0.080316
-0.076473
-0.377526
-0.198053
-0.159375
-0.180444
-0.219311
-0.079685
-0.054945
-0.113703
-0.333606
-0.108143
-0.086085
-0.152388
-0.156299
-0.056645
-0.014248
-0.131946
-0.282334
-0.122550
-0.131855
-0.137786
-0.116785
-0.071355
-0.034784
-0.150505
-0.152687
-0.105521
-0.136181
-0.089419
-0.057400
-0.047555
-0.075741
-0.190923
-0.034149
-0.080176
-0.127448
-0.112561
-0.096714
-0.052140
-0.079313
-0.129524
0.072166
0.014864
-0.012441
0.003579
-0.001396
0.051330
0.033403
-0.007853
0.088576
0.041212
0.006146
0.019775
0.019285
0.051304
0.046095
0.011923
0.062098
0.060933
0.017469
0.026436
0.017983
0.026579
0.040651
0.023302
0.030964
0.067250
0.060688
0.053847
0.020126
0.006902
0.011285
0.017333
-0.001917
0.003654
0.001765
0.013012
0.024673
0.030056
0.019073
0.011991
0.001064
0.020901
0.036252
0.046307
0.056097
0.049985
0.026426
0.031584
0.014760
0.064368
0.096666
0.109877
0.123530
0.123257
0.084598
0.084253
0.046760
0.135536
0.188506
0.206677
0.212961
0.189187
0.141646
0.162494
0.128242
0.274087
0.313933
0.305806
0.275526
0.232897
0.183726
0.230458
0.285713
0.363518
0.299123
0.226049
0.214231
0.211757
0.194962
0.214769
0.426449
0.377143
0.271655
0.246482
0.271789
0.266074
0.217589
0.147881
0.528982
0.370307
0.325534
0.315599
0.289959
0.206200
0.110478
0.044582
0.561962
0.309470
0.263197
0.203577
0.130982
0.061506
0.005653
0.014481
0.534033
0.241709
0.143411
0.065633
0.021253
-0.001720
0.005630
0.054258
0.461080
0.300393
0.184021
0.121681
0.079911
0.075792
0.102423
0.147414
0.299483
0.276992
0.234170
0.220944
0.190352
0.179951
0.175203
0.171451
0.148520
0.198886
0.194197
0.192430
0.168466
0.155824
0.140891
0.118554
0.040571
0.087449
0.105443
0.116254
0.111298
0.094475
0.080655
0.062928
0.001738
0.019050
0.050351
0.051263
0.037237
0.028068
0.031975
0.027885
-0.003879
-0.009696
0.002796
0.013344
0.014875
0.011849
0.023935
0.018672
-0.024869
-0.004171
0.009466
0.024097
0.039424
0.045170
0.041306
0.017432
-0.037197
-0.001632
0.017868
0.026011
0.025813
0.028559
0.039665
0.034440
-0.054592
-0.005881
0.017940
0.026256
0.012933
0.002131
0.018149
0.022856
-0.064720
-0.001180
0.018687
0.014140
-0.017747
-0.027307
-0.018074
-0.010001
-0.086801
-0.008165
0.004603
-0.012941
-0.026876
-0.021294
-0.023366
-0.030781
-0.099749
-0.022715
-0.032155
-0.034594
-0.037527
-0.036005
-0.034964
-0.045510
-0.125530
-0.064020
-0.044858
-0.014796
-0.029436
-0.038747
-0.038098
-0.051393
-0.116333
-0.055229
-0.028064
-0.009700
-0.021926
-0.019391
-0.032034
-0.050974
-0.098306
-0.060322
-0.020916
-0.011062
-0.028413
-0.031256
-0.045627
-0.053287
-0.088966
-0.072208
-0.007504
0.009386
-0.011824
-0.024956
-0.059190
-0.073042
-0.083316
-0.088867
-0.017657
0.000590
-0.019250
-0.018218
-0.043380
-0.079426
-0.061628
-0.071679
-0.017688
0.013991
-0.010888
-0.012752
-0.024991
-0.063411
-0.046645
-0.046399
-0.022992
0.005522
-0.019003
-0.026079
-0.038992
-0.065234
-0.028460
-0.023080
-0.009967
0.020900
-0.001091
-0.015369
-0.029266
-0.049793
-0.016620
-0.013298
-0.004843
0.017668
0.002479
-0.004526
-0.019757
-0.032561
-0.010915
-0.008494
0.000524
0.012616
0.008191
0.000624
-0.005930
-0.018122
0.007475
0.038429
0.097698
0.143709
0.155124
0.132917
0.093391
0.033326
0.032270
0.081107
0.120240
0.105822
0.103576
0.113297
0.104090
0.052570
0.056348
0.110203
0.129214
0.099878
0.112489
0.141130
0.117150
0.059615
0.077863
0.110404
0.119651
0.110406
0.126063
0.161269
0.125183
0.060946
0.074047
0.086160
0.095309
0.090876
0.111538
0.157803
0.116513
0.054565
0.039420
0.041510
0.065776
0.083066
0.099779
0.142243
0.145099
0.059987
-0.004277
0.017219
0.054023
0.058958
0.061427
0.111141
0.146636
0.074747
-0.044253
-0.006807
0.019026
0.020537
0.030293
0.083806
0.142443
0.086188
-0.049108
-0.000902
0.014225
0.008229
0.025059
0.071413
0.131456
0.103645
-0.040705
0.001353
0.013648
0.010228
0.016470
0.054729
0.112732
0.113298
-0.018207
-0.008394
0.008463
0.003009
0.016754
0.047217
0.095891
0.112993
0.022679
0.013465
-0.006833
-0.023148
-0.000290
0.030541
0.082118
0.117702
0.052419
0.048829
0.031086
0.012651
0.036339
0.055293
0.107495
0.129434
0.069425
0.075197
0.047760
0.035653
0.069193
0.082958
0.124977
0.105617
0.055123
0.096099
0.084828
0.070100
0.087316
0.094634
0.109456
0.065051
0.043970
0.108612
0.151962
0.163227
0.154245
0.122556
0.083035
0.028868
0.024971
0.013749
-0.005210
-0.020712
-0.015857
-0.016102
-0.006661
-0.001351
0.036808
0.013949
-0.000796
-0.016330
-0.012997
-0.016424
-0.008072
-0.005695
0.043412
0.010809
-0.005803
-0.018402
-0.020698
-0.024073
-0.011963
-0.010449
0.044517
0.011258
-0.003182
-0.021651
-0.028333
-0.025803
-0.021630
-0.013669
0.041709
0.013949
-0.005583
-0.037747
-0.052899
-0.040380
-0.036272
-0.021627
0.027684
0.009030
-0.016963
-0.041463
-0.052316
-0.038939
-0.031784
-0.026863
0.019123
0.004362
-0.019864
-0.024633
-0.032201
-0.021061
-0.022982
-0.032231
0.004981
0.006392
-0.002285
-0.006833
-0.011981
0.001086
-0.004042
-0.033376
0.000379
0.020093
0.024012
0.015174
0.011552
0.012519
0.009573
-0.030996
-0.004064
0.020024
0.036286
0.017897
0.016839
0.016774
0.012671
-0.028045
-0.001084
0.034847
0.046933
0.009977
0.010946
0.006190
0.023139
-0.011276
0.001092
0.042144
0.033136
-0.007424
-0.003006
-0.005747
0.033380
0.012461
0.010236
0.048070
0.031874
-0.002996
-0.006993
-0.006275
0.032264
0.029475
0.014782
0.042329
0.022372
-0.019111
-0.022186
-0.006179
0.025353
0.037839
0.013129
0.033054
0.011976
-0.021330
-0.021734
-0.000131
0.022298
0.035640
0.006883
0.013071
-0.007104
-0.026284
-0.025250
-0.002737
0.019323
0.029624
0.017563
0.074854
0.204625
0.279499
0.263990
0.135172
0.042492
0.007771
0.003605
0.016461
0.076577
0.113290
0.129137
0.055573
0.016789
-0.001226
-0.013259
-0.011213
0.018567
0.041061
0.065269
0.017088
-0.003726
-0.010805
-0.037110
-0.039684
-0.019299
-0.009649
0.014199
-0.014914
-0.021094
-0.018914
-0.070153
-0.055142
-0.032093
-0.011259
0.003103
-0.034139
-0.041219
-0.037679
-0.099076
-0.063526
-0.031780
0.024885
0.049652
-0.009658
-0.026197
-0.044200
-0.125488
-0.068980
-0.010696
0.071363
0.091825
0.002159
-0.023746
-0.048198
-0.145465
-0.060088
-0.009387
0.096764
0.150605
0.023998
-0.021844
-0.045893
-0.151719
-0.064783
0.023123
0.169672
0.207877
0.029352
-0.021641
-0.048447
-0.144207
-0.048986
0.059695
0.209936
0.245612
0.046197
-0.025096
-0.060051
-0.126801
-0.037685
0.060410
0.224380
0.254841
0.060754
-0.030798
-0.075491
-0.092501
-0.018207
0.065360
0.210440
0.218566
0.037435
-0.054250
-0.076346
-0.063742
-0.026673
0.056309
0.180608
0.207586
0.064520
-0.004049
-0.030062
-0.020951
0.013046
0.092561
0.188037
0.232132
0.114035
0.026065
-0.004112
-0.004487
0.027220
0.098949
0.174794
0.233886
0.140251
0.050683
0.005854
0.004770
0.032436
0.102219
0.167509
0.249575
0.180315
0.068726
0.017645
-0.000109
-0.000558
0.001559
-0.002472
-0.009783
-0.004640
-0.004784
-0.004171
-0.001261
-0.003552
-0.005492
-0.009714
-0.014555
-0.006248
-0.005414
-0.005340
-0.003640
-0.007191
-0.007880
-0.013733
-0.016960
-0.011661
-0.009839
-0.009918
-0.006860
-0.013432
-0.013684
-0.019873
-0.019972
-0.010768
-0.005701
-0.008678
-0.026103
-0.029134
-0.023672
-0.030275
-0.033231
-0.022232
-0.012728
-0.016082
-0.050529
-0.034101
-0.028259
-0.043769
-0.041053
-0.025251
-0.017686
-0.023987
-0.065067
-0.037486
-0.034066
-0.045440
-0.040635
-0.014536
-0.012909
-0.029595
-0.077355
-0.049541
-0.045253
-0.064676
-0.044858
-0.014238
-0.013875
-0.029665
-0.077781
-0.059044
-0.055001
-0.060492
-0.030369
-0.012560
-0.021522
-0.033186
-0.067045
-0.065255
-0.055629
-0.051486
-0.037497
-0.026192
-0.034494
-0.042125
-0.043608
-0.043237
-0.044079
-0.050017
-0.036406
-0.023894
-0.026442
-0.037085
-0.027830
-0.026177
-0.026295
-0.036794
-0.026309
-0.006907
-0.009182
-0.021880
-0.017141
-0.009185
-0.010998
-0.022566
-0.019292
0.000234
-0.001176
-0.004140
-0.012332
-0.005208
-0.007087
-0.015646
-0.019334
0.001869
0.004695
0.002153
-0.006841
0.000071
0.001472
-0.004125
-0.010638
0.007182
0.008843
0.002978
-0.004495
-0.001817
0.003404
0.006578
0.001051
0.009451
0.005517
-0.000290
0.023809
0.016012
-0.001619
-0.018137
-0.016596
-0.006481
-0.003058
-0.003033
0.032127
0.017721
0.000057
-0.014926
-0.013311
-0.004329
-0.001572
-0.001869
0.046085
0.025464
0.004338
-0.014434
-0.013586
-0.003773
-0.002305
-0.002722
0.053477
0.026939
-0.002553
-0.020451
-0.007964
0.007024
-0.001710
-0.006715
0.055112
0.018642
-0.007874
-0.017484
0.001008
0.007676
-0.003516
-0.005453
0.048242
0.017369
0.005522
-0.005084
0.010526
0.013536
0.005393
-0.002059
0.039438
0.027489
0.023491
0.012530
0.025792
0.027940
0.014021
-0.000628
0.033266
0.045070
0.043279
0.018553
0.025116
0.023218
0.012675
-0.002379
0.033621
0.066186
0.060552
0.029911
0.026697
0.021836
0.007815
-0.007865
0.036796
0.071075
0.060236
0.027442
0.021485
0.018026
0.005286
-0.010025
0.041686
0.068308
0.059614
0.027959
0.024539
0.022839
0.008492
-0.005655
0.040204
0.059285
0.052582
0.026609
0.026081
0.028317
0.017778
0.002783
0.044200
0.048158
0.034837
0.014974
0.021521
0.033710
0.033968
0.020388
0.039499
0.042374
0.022079
-0.003028
0.005464
0.024181
0.032351
0.025546
0.033533
0.029534
0.011747
-0.009094
-0.003371
0.013591
0.028421
0.025246
0.021360
0.023925
0.006726
-0.011506
-0.014214
-0.002348
0.015748
0.021516
-0.001945
0.006911
0.055710
0.100897
0.073465
0.024312
0.002576
-0.009254
-0.011030
0.000643
0.054497
0.114843
0.091957
0.014211
-0.011242
-0.022219
-0.034061
-0.016728
0.025839
0.097107
0.085924
-0.020872
-0.046794
-0.055210
-0.055771
-0.030710
-0.023799
0.074441
0.050614
-0.090387
-0.105582
-0.123600
-0.101439
-0.100897
-0.138177
-0.022418
-0.054168
-0.200809
-0.168477
-0.198616
-0.187186
-0.187791
-0.142649
0.025888
0.014259
-0.174718
-0.166949
-0.223227
-0.276116
-0.191886
-0.104522
0.049396
0.048691
-0.156184
-0.187815
-0.239508
-0.297195
-0.151870
-0.100372
0.069847
0.061615
-0.122332
-0.174965
-0.214484
-0.333233
-0.171433
-0.111335
0.078251
0.068255
-0.103802
-0.189346
-0.219456
-0.324463
-0.104296
-0.047497
0.106337
0.096578
-0.086337
-0.225377
-0.205066
-0.302109
-0.101116
-0.071387
0.075102
0.055997
-0.123138
-0.245215
-0.166645
-0.254162
-0.140300
-0.092210
0.022089
-0.001896
-0.133127
-0.196127
-0.122199
-0.131779
-0.075971
-0.033070
0.024933
0.025052
-0.075256
-0.114327
-0.074933
-0.059460
-0.054962
-0.001930
0.060924
0.082976
-0.004839
-0.051299
-0.030082
-0.006717
-0.004016
0.040548
0.092441
0.116441
0.016455
-0.021887
-0.012728
-0.002128
0.004291
0.038032
0.077138
0.137026
0.066373
0.017381
-0.001268
-0.009655
-0.009548
-0.024115
-0.034138
-0.054801
-0.046762
-0.046173
-0.033934
-0.016053
-0.015734
-0.034164
-0.032982
-0.052551
-0.039014
-0.040935
-0.039032
-0.023143
-0.019717
-0.036419
-0.031841
-0.064702
-0.047268
-0.041461
-0.038397
-0.026650
-0.021549
-0.038042
-0.048022
-0.072158
-0.037582
-0.028981
-0.032396
-0.009988
-0.020892
-0.055854
-0.069318
-0.056631
-0.016611
-0.004702
-0.012246
0.032719
-0.012014
0.001181
0.015508
0.003308
0.035943
0.038421
0.020480
0.085003
0.035683
0.084429
0.085872
0.071316
0.101879
0.082998
0.072870
0.074041
0.065562
0.062128
0.097560
0.104258
0.067434
0.055948
0.118721
0.068810
0.074474
0.022650
0.089865
0.083411
0.013655
0.019238
0.142842
0.046772
0.032271
-0.018273
0.031235
0.026044
-0.034131
-0.029559
0.126709
-0.003066
-0.034224
-0.049859
-0.027684
-0.042016
-0.067891
-0.044286
0.065284
-0.048264
-0.053571
-0.059323
-0.066888
-0.068578
-0.069859
-0.040912
0.005911
-0.068388
-0.048301
-0.038815
-0.047540
-0.052911
-0.048819
-0.032252
-0.017305
-0.066966
-0.051256
-0.030066
-0.039084
-0.048784
-0.030306
-0.020066
-0.016161
-0.048833
-0.043711
-0.030905
-0.041175
-0.041723
-0.020298
-0.014373
-0.011257
-0.027918
-0.042420
-0.041721
-0.040392
-0.038307
-0.023684
-0.015121
-0.009640
-0.042364
-0.082473
-0.145482
-0.169938
-0.181101
-0.173223
-0.091681
-0.045200
-0.070786
-0.105333
-0.152457
-0.131395
-0.149366
-0.167636
-0.086761
-0.064504
-0.096746
-0.166495
-0.167459
-0.088291
-0.111115
-0.129443
-0.082992
-0.082434
-0.150078
-0.214372
-0.174419
-0.116347
-0.152630
-0.169824
-0.120324
-0.104168
-0.158120
-0.220127
-0.162497
-0.043629
-0.064375
-0.127045
-0.120158
-0.134702
-0.152000
-0.248754
-0.153912
-0.067832
-0.074145
-0.103852
-0.177735
-0.157649
-0.129428
-0.204153
-0.035463
-0.054078
-0.100089
-0.214057
-0.153399
-0.109378
-0.101969
-0.051861
0.040026
-0.166500
-0.262816
-0.295330
-0.081810
-0.049645
-0.094554
0.006047
-0.063848
-0.316909
-0.388889
-0.278350
-0.110248
-0.039623
-0.089099
-0.072265
-0.203334
-0.347303
-0.321876
-0.164573
-0.157193
-0.060179
-0.097001
-0.219898
-0.324302
-0.312163
-0.259287
-0.206802
-0.235235
-0.092986
0.003651
-0.199403
-0.328327
-0.239235
-0.182173
-0.133694
-0.159609
-0.042494
-0.008553
-0.173274
-0.276776
-0.188794
-0.154956
-0.153246
-0.193001
-0.115008
-0.036696
-0.158119
-0.217835
-0.150827
-0.131947
-0.138828
-0.144820
-0.093647
-0.046405
-0.148089
-0.182078
-0.131326
-0.152372
-0.173677
-0.141278
-0.076431
-0.040808
-0.124580
-0.206651
-0.207191
-0.220351
-0.191191
-0.113781
-0.040000
0.002736
0.005058
0.004901
0.008403
0.001524
-0.013070
-0.002741
-0.000810
0.004794
0.015516
0.039795
0.050999
0.045635
0.025867
0.018259
0.006536
0.023506
0.060346
0.095367
0.114062
0.120170
0.107031
0.070765
0.037010
0.060848
0.126119
0.166883
0.169386
0.180015
0.173483
0.148183
0.105848
0.124961
0.215327
0.233625
0.207707
0.194943
0.205697
0.222934
0.236076
0.216036
0.260353
0.185492
0.123668
0.085631
0.123128
0.204367
0.364384
0.322673
0.225141
0.077269
0.021579
-0.015610
0.020984
0.128938
0.459826
0.411145
0.117181
-0.005638
-0.035937
-0.034155
-0.008317
0.046160
0.492522
0.454516
0.052803
-0.023361
-0.042256
-0.019075
-0.003733
0.066199
0.491468
0.463765
0.039461
-0.029038
-0.030264
0.001167
0.043558
0.166693
0.434450
0.442845
0.097654
0.022844
0.025611
0.069984
0.154171
0.259013
0.312843
0.355285
0.161762
0.108199
0.129965
0.180680
0.236745
0.243028
0.162613
0.225073
0.168050
0.143111
0.159603
0.186095
0.186903
0.148282
0.062111
0.106724
0.110647
0.108941
0.124709
0.123150
0.106947
0.065154
0.012591
0.035077
0.046200
0.039585
0.055741
0.063477
0.054987
0.020229
0.000218
0.005483
0.021263
0.022374
0.035579
0.031648
0.014565
0.000082
-0.005204
0.006443
0.035359
0.074131
0.076129
0.090141
0.102365
0.053314
0.007950
0.025265
0.050300
0.074320
0.028143
0.025195
0.075611
0.084302
0.030735
0.037931
0.053294
0.066285
0.004187
0.001576
0.037772
0.081637
0.052384
0.034029
0.050802
0.054963
-0.020015
-0.022936
0.009866
0.064882
0.057038
0.010328
0.034947
0.043250
-0.034322
-0.035672
0.008907
0.052717
0.050450
-0.015529
0.034959
0.050085
-0.003968
-0.006696
0.035714
0.041471
0.034068
-0.017338
0.048713
0.062100
0.018543
-0.003193
0.041193
0.024509
0.003898
-0.027305
0.042560
0.065867
0.023512
-0.005921
0.020633
0.001814
-0.023674
-0.029364
0.045277
0.058358
0.013283
-0.026009
-0.009164
-0.024767
-0.047130
-0.032955
0.044366
0.061886
0.010671
-0.033283
-0.025594
-0.035653
-0.051693
-0.023650
0.033079
0.046351
-0.011002
-0.057968
-0.036322
-0.048623
-0.053904
-0.009831
0.033408
0.049549
-0.016465
-0.067587
-0.048855
-0.059616
-0.049314
-0.002858
0.016450
0.025728
-0.030158
-0.051544
-0.037643
-0.043869
-0.026843
0.018704
0.031026
0.032366
-0.020784
-0.036459
-0.031148
-0.032394
-0.019668
0.022731
0.025188
0.033622
-0.012613
-0.036999
-0.015645
-0.027555
-0.015991
0.019119
0.019632
0.036344
0.001088
-0.035162
-0.021326
-0.024626
-0.009492
-0.006981
-0.007458
-0.015150
-0.038303
-0.042570
-0.049725
-0.038670
-0.017487
-0.012438
-0.011153
-0.018424
-0.035404
-0.037781
-0.049334
-0.055138
-0.040165
-0.012544
-0.025537
-0.063446
-0.080986
-0.056963
-0.058414
-0.066144
-0.070332
-0.030869
-0.057889
-0.095936
-0.118990
-0.097649
-0.112344
-0.112335
-0.091942
-0.047833
-0.074861
-0.093867
-0.096314
-0.078232
-0.093853
-0.100020
-0.103825
-0.080518
-0.099056
-0.101606
-0.085893
-0.100662
-0.089634
-0.081203
-0.104854
-0.117828
-0.110528
-0.118451
-0.122701
-0.123208
-0.074730
-0.066011
-0.093107
-0.146370
-0.119178
-0.138739
-0.127717
-0.085446
-0.049847
-0.042184
-0.078056
-0.177686
-0.141289
-0.142489
-0.114129
-0.052658
-0.037284
-0.031852
-0.079985
-0.195506
-0.137134
-0.116682
-0.080748
-0.028358
-0.017787
-0.021112
-0.079066
-0.205783
-0.131751
-0.081912
-0.087952
-0.036529
-0.020564
-0.027345
-0.079242
-0.190990
-0.147980
-0.110088
-0.116644
-0.070021
-0.042259
-0.049842
-0.088953
-0.142754
-0.133093
-0.150468
-0.147437
-0.092221
-0.062216
-0.087198
-0.071870
-0.095978
-0.073926
-0.110317
-0.129318
-0.096593
-0.080657
-0.067379
-0.032530
-0.058379
-0.059398
-0.078900
-0.079232
-0.028478
-0.017723
-0.009289
-0.007907
-0.027329
-0.039776
-0.050522
-0.059295
-0.020722
-0.005704
0.001738
-0.004639
0.002384
-0.015566
-0.034631
-0.007788
0.008709
0.018358
0.029180
0.032174
0.005060
-0.010436
-0.034970
-0.009214
0.008243
0.010743
0.003364
0.015030
0.015597
-0.005179
-0.040205
-0.026810
-0.014614
-0.010276
-0.002148
0.028389
0.041820
0.024985
-0.016864
-0.004698
0.013173
0.016681
0.005804
0.035049
0.094196
0.045244
0.008887
0.029498
0.043261
0.047248
0.022447
0.034524
0.126380
0.068482
0.039847
0.029943
0.026940
0.007628
-0.021522
-0.007909
0.129196
0.072228
0.036788
0.001449
-0.010865
-0.031781
-0.076282
-0.051541
0.104623
0.085889
0.047810
-0.016536
-0.034563
-0.060627
-0.081170
-0.066691
0.095619
0.136937
0.092531
-0.011706
-0.040265
-0.053254
-0.059607
-0.069845
0.077054
0.138767
0.087608
-0.010747
-0.040471
-0.054561
-0.052971
-0.074920
0.075953
0.125233
0.069636
-0.004905
-0.025832
-0.038243
-0.045362
-0.076768
0.058590
0.099778
0.057901
0.002542
-0.030896
-0.036277
-0.039283
-0.081700
0.041620
0.056607
0.018544
-0.011691
-0.039880
-0.053577
-0.052405
-0.081821
0.011319
0.007287
-0.003327
-0.012944
-0.038908
-0.046931
-0.053305
-0.064514
0.009319
-0.006250
-0.023848
-0.035708
-0.060675
-0.065212
-0.062051
-0.037514
0.003116
-0.004932
-0.027728
-0.044749
-0.062751
-0.063732
-0.041252
-0.014044
-0.003879
0.001427
-0.002396
-0.019880
-0.000017
0.011747
0.006801
0.002824
-0.004760
0.000273
0.004688
-0.014338
-0.003813
0.006968
0.000427
-0.003629
-0.004682
0.011806
0.022954
-0.022615
-0.019095
-0.016775
-0.023989
-0.021896
0.003982
0.016783
0.004791
-0.055329
-0.016621
0.000363
-0.019677
-0.037387
0.008826
-0.004072
-0.036407
-0.071001
-0.035610
-0.021597
-0.043057
-0.057138
-0.031662
-0.047793
-0.034840
-0.065093
-0.052630
-0.027362
-0.036855
-0.071840
-0.086489
-0.045656
0.018563
-0.030016
-0.019899
-0.015020
-0.029188
-0.074777
-0.154225
-0.043681
0.034719
0.014926
0.011487
0.008613
-0.012761
-0.063940
-0.192989
-0.059404
-0.016626
-0.021420
0.030869
0.051823
0.036712
-0.012532
-0.197642
-0.077523
-0.048898
-0.057278
-0.009698
0.030400
0.036684
0.026922
-0.178216
-0.078972
-0.045493
-0.070943
-0.039176
0.007378
0.018501
0.039811
-0.127220
-0.083883
-0.040450
-0.053504
-0.031860
0.004082
0.008599
0.025996
-0.049011
-0.044121
-0.008952
-0.038815
-0.054351
-0.011942
0.010873
0.026494
-0.013929
-0.021820
-0.006890
-0.035874
-0.046516
0.018158
0.020851
0.009929
0.002514
0.004950
0.001307
-0.017793
-0.026550
0.016252
0.010006
0.005414
0.013130
0.017546
0.014451
-0.004457
-0.026181
0.003100
0.003664
-0.001188
-0.008145
-0.004235
-0.000488
0.010780
0.006557
0.001019
0.005971
0.006583
-0.012579
-0.008494
0.009539
0.027172
0.021224
0.006482
-0.000034
-0.003615
-0.016465
-0.010558
0.012322
0.033054
0.023790
0.009899
-0.002856
-0.012864
-0.022074
-0.007865
0.018737
0.037928
0.024875
0.018099
0.001197
-0.014641
-0.024892
-0.005014
0.016499
0.046973
0.039884
0.035806
0.003564
-0.010447
-0.013032
0.006451
0.023182
0.074455
0.079621
0.038860
0.005611
0.006035
0.007737
0.021241
0.035621
0.084389
0.094706
0.063571
0.018293
0.018790
0.011944
0.014128
0.032754
0.074633
0.089416
0.056806
0.005922
0.011743
0.013613
0.031481
0.036872
0.082103
0.102749
0.065125
0.013572
0.002822
-0.013990
0.000811
0.011991
0.064784
0.086464
0.027922
-0.017135
-0.030137
-0.033784
-0.039972
-0.015510
0.046447
0.076018
0.020941
-0.015585
-0.046625
-0.035395
-0.052396
-0.013360
0.040577
0.071631
0.009713
-0.017835
-0.046732
-0.037578
-0.050881
-0.020510
0.030848
0.064540
0.011787
-0.007049
-0.025782
-0.035944
-0.036735
-0.014096
0.024139
0.042685
0.005887
-0.007138
-0.008917
-0.028627
-0.036334
-0.016674
0.008981
0.026920
0.007827
0.002451
0.001801
-0.011833
-0.028395
-0.024411
-0.005676
0.018644
0.015442
0.009999
0.001657
-0.006177
-0.015741
-0.040327
-0.089464
-0.085343
-0.049103
-0.028183
-0.013556
-0.003606
-0.024628
-0.055353
-0.093024
-0.077454
-0.057316
-0.034110
-0.014715
0.019345
-0.027206
-0.068173
-0.116570
-0.097781
-0.069347
-0.041022
0.001138
0.056874
-0.051901
-0.087587
-0.113865
-0.073754
-0.034024
-0.009709
0.027855
0.095445
-0.101582
-0.117348
-0.123019
-0.077811
-0.005748
0.021667
0.054818
0.107272
-0.076700
-0.051007
-0.059069
-0.056027
0.021213
0.046567
0.073420
0.104856
-0.039104
-0.050605
-0.069011
-0.070172
0.024616
0.064048
0.081520
0.103123
-0.006026
-0.049508
-0.063907
-0.052227
0.066350
0.089705
0.082335
0.094865
0.000938
-0.059227
-0.044252
-0.022072
0.093768
0.119141
0.072870
0.081374
0.053347
-0.008738
-0.009903
-0.003450
0.110125
0.143587
0.072090
0.052964
0.071546
0.055732
0.042362
-0.005299
0.070329
0.102574
0.068461
0.019445
0.034801
0.030219
-0.014249
-0.062619
-0.009480
0.032576
0.060863
-0.000570
0.004771
0.002002
-0.038299
-0.059808
0.004575
0.031122
0.048124
-0.015628
-0.017304
-0.025035
-0.045647
-0.074077
-0.017581
-0.007854
0.001857
-0.016150
-0.025775
-0.040533
-0.058999
-0.095847
-0.035373
-0.021570
-0.009161
-0.010575
-0.019488
-0.029456
-0.052454
-0.082676
-0.026147
-0.015178
-0.009612
-0.001703
-0.008170
-0.019822
-0.024262
-0.028759
-0.023332
-0.012818
-0.000721
0.002669
-0.010144
-0.021651
-0.024274
-0.030547
-0.026049
-0.020411
0.005501
0.007292
-0.010384
-0.034208
-0.051715
-0.058241
-0.053617
-0.029886
0.011266
0.003246
-0.018786
-0.059937
-0.062485
-0.053051
-0.049988
-0.015951
0.010724
-0.013973
-0.056905
-0.087331
-0.067487
-0.082010
-0.075529
-0.016588
-0.008305
-0.050238
-0.066632
-0.055283
-0.042843
-0.084382
-0.058010
-0.005977
-0.032321
-0.079255
-0.025916
-0.041610
-0.049455
-0.076885
-0.034110
-0.007260
-0.051951
-0.103117
-0.005058
-0.042304
-0.045115
-0.055930
-0.025485
-0.025345
-0.064770
-0.120739
-0.009193
-0.025619
-0.028063
-0.049371
-0.036524
-0.038310
-0.078529
-0.127014
-0.029657
-0.017371
-0.016955
-0.043753
-0.044097
-0.041543
-0.085238
-0.118689
-0.078744
-0.034233
-0.025902
-0.038035
-0.035177
-0.059727
-0.095934
-0.094784
-0.082597
-0.035527
-0.033985
-0.022571
-0.029088
-0.053241
-0.081169
-0.072857
-0.068316
-0.034188
-0.029920
-0.012751
-0.024345
-0.039696
-0.054115
-0.045903
-0.040906
-0.022985
-0.014028
-0.009716
-0.025239
-0.030377
-0.024872
-0.036807
-0.033635
-0.020881
-0.014933
-0.017089
-0.023580
-0.016162
-0.010395
-0.023959
-0.032085
-0.028904
-0.025580
-0.017655
-0.014834
-0.010799
-0.005318
-0.002610
-0.005208
-0.007919
-0.013625
-0.014444
-0.013653
-0.012125
-0.007735
-0.004847
-0.007843
-0.011912
-0.012766
-0.013282
-0.010895
-0.010107
-0.006219
-0.007663
-0.011671
-0.015618
-0.016330
-0.020894
-0.014006
-0.013250
-0.006312
-0.008772
-0.017339
-0.024855
-0.024131
-0.032694
-0.022904
-0.018799
-0.005146
-0.004607
-0.029539
-0.033142
-0.033731
-0.034486
-0.017883
-0.010570
0.015467
0.010949
-0.039420
-0.027751
-0.026534
-0.019706
-0.016265
-0.002085
0.041070
0.017721
-0.038654
-0.010949
-0.000669
-0.005723
-0.012260
-0.000197
0.053298
0.022965
-0.020166
0.004204
0.022130
0.006724
-0.008080
-0.000500
0.049330
0.020943
-0.012888
0.013309
0.025533
0.012048
-0.001866
0.010010
0.042361
0.014573
0.007377
0.030531
0.017971
0.017326
0.017712
0.024802
0.027746
0.002432
0.013211
0.011789
-0.002458
0.010464
0.019444
0.015377
0.002792
-0.013267
0.000072
-0.011815
-0.013865
-0.008385
-0.007129
-0.008786
-0.011821
-0.023378
-0.019057
-0.023573
-0.025236
-0.024564
-0.020535
-0.020245
-0.014218
-0.017537
-0.019869
-0.018778
-0.017620
-0.018912
-0.011426
-0.012567
-0.008795
-0.010605
-0.012445
-0.012491
-0.012367
-0.013987
-0.008940
-0.007549
-0.004216
-0.006354
-0.008776
-0.010527
-0.013570
-0.013924
-0.008672
-0.006309
-0.004065
-0.006508
-0.013193
-0.032071
-0.041396
-0.042838
-0.034252
-0.017850
-0.006629
-0.008058
-0.020399
-0.027257
-0.027990
-0.023317
-0.019766
-0.010328
-0.003684
-0.009289
-0.021886
-0.025640
-0.024031
-0.020980
-0.016770
-0.004185
0.000530
-0.007670
-0.020292
-0.025637
-0.018780
-0.020242
-0.014841
0.004181
0.003620
-0.011965
-0.021416
-0.019033
-0.018337
-0.020078
-0.011836
0.000610
-0.003736
-0.034094
-0.013312
-0.005718
-0.025245
-0.015535
-0.011014
-0.023026
-0.018299
-0.052647
-0.007618
-0.010729
-0.015917
-0.007109
-0.019814
-0.039610
-0.026694
-0.067541
-0.015330
-0.004664
0.014153
0.008850
-0.022770
-0.043614
-0.033125
-0.067843
-0.020780
-0.000049
0.015440
0.007806
-0.020349
-0.034024
-0.038530
-0.057057
-0.016297
0.000984
-0.010310
-0.000018
-0.006389
-0.019284
-0.042597
-0.034512
0.000684
-0.012445
-0.025345
-0.007596
0.001487
-0.000470
-0.032309
-0.019210
0.004253
-0.013640
-0.017707
-0.007499
-0.007927
-0.006170
-0.024930
-0.008668
-0.001589
-0.017978
-0.019798
-0.014074
-0.019041
-0.018126
-0.023973
-0.008718
-0.009140
-0.021795
-0.028006
-0.015851
-0.020417
-0.017276
-0.018420
-0.010507
-0.012223
-0.020410
-0.031556
-0.021924
-0.029686
-0.024254
-0.015189
-0.009777
-0.014026
-0.022939
-0.036725
-0.039720
-0.039813
-0.020151
-0.012439
0.025188
0.027576
0.006463
-0.013533
-0.013112
0.012852
0.036310
0.037686
0.032523
0.045506
0.025127
-0.001465
-0.000655
0.028869
0.049067
0.052857
0.029690
0.042417
0.035051
0.010192
0.009553
0.044058
0.064981
0.055283
0.026399
0.031465
0.032008
0.030144
0.033474
0.062270
0.074859
0.045347
0.015568
0.019194
0.027996
0.032092
0.049936
0.082832
0.070765
0.028673
-0.000456
0.009115
0.019181
0.030256
0.060832
0.087376
0.055251
0.020783
-0.016260
-0.008338
-0.000489
0.019681
0.066787
0.074218
0.043277
0.017629
-0.025065
-0.012466
-0.012473
0.007767
0.056980
0.046579
0.035903
0.010974
-0.026849
-0.009027
-0.001114
0.006936
0.031358
0.028592
0.020120
0.003210
-0.023240
-0.002019
0.021343
0.009979
0.018436
0.017373
0.017019
0.003213
-0.011026
0.018585
0.035455
-0.002057
-0.001131
0.009877
0.015061
0.007525
0.000487
0.027524
0.028248
-0.001559
-0.013205
0.003199
0.015929
0.010375
0.025782
0.033178
0.023263
0.004864
-0.017622
0.003545
0.019028
0.013242
0.035985
0.032263
0.026175
0.006988
-0.014967
0.002159
0.014693
0.012138
0.034986
0.030773
0.027475
0.010428
-0.007131
-0.000160
0.010538
0.010320
0.028657
0.033498
0.033216
0.022257
0.000311
-0.000997
0.009051
0.006285
-0.011424
-0.023325
-0.035567
-0.060776
-0.083710
-0.052894
-0.040957
-0.020523
-0.012218
-0.024673
-0.040245
-0.050050
-0.064869
-0.056176
-0.060319
-0.034443
-0.024954
-0.034258
-0.058117
-0.062758
-0.110823
-0.098665
-0.101319
-0.078621
-0.033214
-0.070530
-0.087568
-0.096396
-0.175061
-0.157107
-0.149696
-0.097527
-0.050028
-0.074055
-0.060115
-0.147208
-0.167806
-0.126124
-0.143807
-0.097791
-0.090866
-0.081432
-0.142959
-0.183291
-0.114021
-0.133728
-0.148881
-0.092656
-0.167905
-0.137806
-0.191997
-0.168147
-0.097127
-0.143925
-0.124951
-0.089918
-0.212803
-0.151907
-0.144167
-0.136577
-0.150481
-0.142895
-0.086144
-0.083267
-0.259318
-0.142926
-0.115307
-0.109069
-0.152072
-0.130388
-0.083899
-0.087227
-0.245563
-0.078697
-0.075085
-0.081619
-0.142563
-0.139151
-0.075334
-0.089488
-0.211915
-0.069380
-0.072045
-0.106566
-0.116484
-0.115191
-0.070999
-0.073444
-0.183376
-0.098213
-0.067372
-0.105240
-0.069567
-0.075138
-0.064299
-0.078335
-0.139887
-0.132136
-0.123384
-0.146660
-0.109118
-0.093929
-0.072854
-0.069666
-0.069631
-0.085725
-0.105220
-0.130455
-0.110953
-0.086727
-0.065435
-0.039915
-0.026984
-0.034150
-0.049519
-0.077466
-0.063626
-0.028632
-0.026948
-0.014329
-0.017881
-0.036892
-0.060069
-0.072818
-0.062934
-0.024305
-0.016841
-0.007120
-0.016290
-0.016290
0.046537
-0.016290
0.000290
-0.016290
-0.016290
0.006107
0.027922
-0.016290
0.004943
0.003489
0.018905
-0.004364
0.002035
0.008725
-0.016290
0.064571
-0.016290
0.009597
0.002326
-0.016290
0.004943
-0.016290
-0.016290
0.000290
0.088422
0.005525
-0.016290
-0.016290
-0.016290
-0.016290
-0.016290
-0.016290
-0.016290
-0.016290
-0.016290
-0.016290
0.004943
-0.016290
0.005525
-0.016290
-0.016290
0.000290
-0.016290
-0.016290
-0.016290
-0.016290
-0.016290
-0.016290
-0.016290
-0.016290
0.042465
-0.016290
-0.001746
-0.016290
0.059626
-0.016290
-0.016290
-0.016290
0.046537
-0.016290
-0.016290
0.003780
-0.016290
0.025595
-0.016290
-0.016290
-0.016290
-0.016290
-0.016290
-0.016290
-0.016290
-0.016290
-0.016290
-0.016290
-0.016290
-0.016290
0.006107
-0.016290
-0.016290
0.004653
0.077951
-0.016290
-0.016290
-0.016290
0.004653
-0.016290
-0.016290
-0.016290
-0.016290
0.038975
-0.016290
-0.016290
-0.016290
-0.016290
-0.016290
-0.016290
-0.016290
-0.016290
-0.016290
-0.016290
-0.016290
-0.016290
-0.016290
-0.016290
0.004943
0.004943
0.001744
0.001162
-0.003783
-0.003783
0.002326
-0.000292
0.022977
0.093367
0.013960
0.035775
-0.016290
0.002326
-0.016290
0.005234
-0.004946
0.046828
-0.004946
0.027049
-0.016290
-0.016290
-0.016290
-0.000874
0.001162
-0.016290
-0.016290
-0.016290
-0.016290
0.004071
-0.016290
-0.016290
0.015996
-0.016290
-0.016290
-0.016290
-0.004946
-0.016290
-0.016290
-0.016290
-0.016290
-0.016290
-0.001746
-0.001456
0.004071
-0.016290
-0.016290
-0.016290
-0.016290
-0.016290
-0.016290
-0.016290
-0.016290
-0.003783
-0.016290
-0.016290
0.005234
-0.016290
-0.001456
-0.016290
-0.016290
-0.016290
-0.016290
0.233565
0.000871
-0.016290
-0.016290
-0.016290
-0.016290
-0.016290
0.005234
-0.016290
-0.016290
-0.016290
-0.016290
-0.016290
-0.016290
-0.016290
0.002035
-0.016290
-0.016290
-0.016290
-0.001456
-0.016290
-0.016290
-0.016290
-0.016290
-0.016290
-0.016290
-0.016290
-0.016290
0.018905
-0.016290
-0.016290
0.006107
-0.003783
-0.016290
-0.016290
-0.016290
-0.016290
-0.016290
-0.016290
-0.016290
-0.001746
0.002907
0.023268
-0.016290
0.015996
0.005234
0.002035
0.004071
-0.016290
0.023268
0.070389
-0.008436
0.041302
0.005234
-0.016290
-0.016290
0.051191
-0.016290
0.091913
0.022686
0.004653
-0.016290
0.003198
-0.016290
0.018905
-0.016290
-0.016290
-0.016290
-0.016290
-0.004364
-0.016290
-0.016290
-0.016290
-0.016290
-0.016290
-0.016290
-0.016290
-0.016290
-0.016290
-0.000292
-0.016290
-0.016290
-0.016290
-0.016290
-0.016290
-0.016290
-0.016290
-0.016290
-0.016290
-0.016290
-0.016290
0.004943
-0.016290
0.015415
-0.016290
0.001744
-0.016290
-0.016290
-0.016290
-0.016290
-0.016290
-0.016290
-0.016290
-0.016290
-0.016290
0.000290
-0.016290
-0.016290
0.004943
-0.016290
-0.016290
-0.016290
-0.016290
-0.016290
-0.016290
-0.016290
-0.016290
0.074752
0.053518
0.003489
-0.016290
-0.003783
-0.016290
0.002326
-0.016290
0.019778
-0.016290
-0.016290
0.027631
-0.016290
-0.016290
0.003780
0.004653
-0.016290
-0.016290
0.004653
-0.016290
0.034903
-0.016290
-0.003783
-0.016290
0.001744
0.001453
-0.016290
-0.016290
-0.016290
-0.016290
0.013960
-0.016290
-0.016290
-0.016290
-0.016290
-0.016290
-0.016290
-0.016290
0.002326
-0.016290
0.068643
-0.016290
-0.016290
0.014833
-0.016290
-0.016290
0.005816
-0.016290
-0.016290
-0.016290
-0.003783
-0.016290
0.059336
-0.016290
-0.016290
-0.016290
0.059336
-0.016290
-0.016290
-0.016290
0.233565
-0.016290
-0.003783
-0.000874
-0.016290
0.002907
0.077951
-0.016290
-0.016290
0.002617
-0.016290
-0.016290
0.038684
-0.016290
-0.016290
-0.016290
-0.016290
-0.016290
-0.016290
0.000290
0.042465
0.006107
0.000871
0.009597
0.002326
0.001744
0.029958
-0.016290
-0.016290
0.022686
-0.016290
0.015415
0.000290
0.005234
-0.016290
0.060499
-0.016290
-0.016290
-0.016290
-0.016290
0.004943
-0.016290
-0.016290
-0.016290
0.000871
-0.016290
-0.016290
-0.016290
-0.016290
-0.016290
-0.016290
-0.016290
-0.016290
-0.016290
-0.016290
-0.016290
0.073297
-0.016290
0.001744
0.002035
-0.016290
-0.016290
-0.016290
-0.016290
-0.016290
-0.016290
-0.016290
0.002326
-0.016290
-0.016290
-0.016290
-0.016290
-0.016290
-0.016290
-0.004946
-0.016290
-0.016290
-0.016290
-0.016290
-0.016290
-0.016290
-0.016290
-0.016290
0.006107
-0.016290
-0.016290
-0.016290
-0.016290
0.002326
-0.016290
-0.016290
-0.016290
-0.016290
-0.016290
-0.016290
-0.016290
0.032576
0.004943
-0.016290
-0.016290
0.074752
-0.016290
0.000871
-0.016290
-0.016290
-0.016290
-0.016290
-0.016290
-0.016290
-0.016290
0.047410
0.023559
-0.016290
0.004943
-0.016290
-0.000874
0.004943
-0.016290
-0.016290
-0.016290
-0.016290
-0.016290
-0.016290
-0.016290
-0.016290
-0.016290
0.026468
-0.016290
-0.016290
-0.016290
0.024722
-0.016290
-0.016290
-0.016290
-0.016290
0.039266
-0.016290
-0.016290
-0.016290
-0.016290
0.005234
-0.016290
0.033739
-0.016290
-0.016290
-0.016290
-0.016290
-0.016290
0.070098
-0.016290
0.018323
-0.016290
0.013669
-0.016290
-0.016290
-0.001456
0.006107
-0.016290
-0.016290
-0.016290
-0.016290
0.039848
-0.016290
-0.016290
-0.016290
-0.004946
0.012797
-0.008436
-0.016290
-0.016290
-0.016290
-0.016290
-0.016290
-0.016290
-0.016290
0.004653
-0.016290
-0.000874
-0.016290
-0.001456
-0.016290
-0.016290
-0.016290
-0.004364
-0.016290
-0.016290
-0.016290
0.005816
0.059626
-0.016290
0.036066
-0.016290
-0.016290
-0.016290
-0.016290
-0.000874
-0.016290
-0.016290
-0.016290
-0.016290
-0.016290
-0.016290
-0.016290
-0.016290
0.004653
-0.016290
-0.016290
-0.016290
-0.003783
-0.016290
-0.016290
-0.016290
-0.016290
-0.000874
0.002617
-0.016290
-0.016290
-0.016290
-0.016290
-0.016290
-0.004364
0.004653
-0.016290
-0.016290
-0.016290
-0.016290
-0.016290
-0.016290
-0.016290
-0.016290
-0.016290
-0.016290
-0.016290
-0.016290
-0.016290
-0.016290
-0.016290
-0.016290
-0.016290
0.004943
0.018614
-0.016290
-0.016290
-0.016290
-0.016290
-0.016290
-0.016290
-0.016290
-0.016290
-0.016290
-0.016290
-0.016290
0.003198
-0.016290
-0.016290
-0.016290
0.023268
-0.016290
-0.016290
-0.016290
-0.016290
-0.016290
-0.016290
-0.016290
-0.016290
-0.016290
-0.016290
-0.016290
-0.016290
-0.016290
-0.016290
-0.016290
-0.016290
-0.016290
-0.016290
-0.016290
-0.016290
-0.016290
-0.016290
-0.016290
-0.016290
-0.016290
-0.016290
-0.016290
-0.016290
0.000871
-0.016290
-0.016290
-0.016290
0.091040
-0.016290
-0.016290
-0.016290
-0.016290
-0.016290
-0.016290
-0.016290
-0.001746
-0.016290
-0.016290
-0.016290
-0.016290
-0.016290
-0.016290
-0.016290
-0.016290
-0.016290
-0.016290
-0.016290
-0.016290
-0.016290
-0.016290
0.050900
-0.016290
-0.016290
-0.016290
-0.016290
-0.016290
-0.016290
-0.016290
-0.016290
-0.016290
-0.016290
-0.016290
0.022977
-0.016290
-0.016290
-0.016290
-0.016290
0.039557
